MARKOV
50
2 2 2 2 2 2 2 2 2 2 2 2 2 2 2 2 2 2 2 2 2 2 2 2 2 2 2 2 2 2 2 2 2 2 2 2 2 2 2 2 2 2 2 2 2 2 2 2 2 2
49
2 0 2
2 2 3
2 1 3
2 4 3
2 3 6
2 3 5
2 5 8
2 8 9
2 9 7
2 5 11
2 11 29
2 29 30
2 8 10
2 10 12
2 12 31
2 31 36
2 10 13
2 13 32
2 32 37
2 13 33
2 33 38
2 33 39
2 13 14
2 14 15
2 15 16
2 16 17
2 16 18
2 16 19
2 19 29
2 29 49
2 29 48
2 15 20
2 20 25
2 25 47
2 25 46
2 20 21
2 21 22
2 22 23
2 23 34
2 34 40
2 34 41
2 25 26
2 26 27
2 27 28
2 28 35
2 26 45
2 45 44
2 44 43
2 43 42

4
0.1248 0.0360
0.9691 0.3133

4
0.5198 0.8210
0.7652 0.0904

4
0.5236 0.5641
0.3898 0.3072

4
0.8573 0.0033
0.7220 0.9695

4
0.5044 0.9627
0.8484 0.1478

4
0.1264 0.7262
0.8681 0.6537

4
0.7798 0.5519
0.5435 0.3279

4
0.0039 0.6884
0.9890 0.9042

4
0.3628 0.9091
0.2994 0.2137

4
0.1907 0.4625
0.6836 0.0100

4
0.6750 0.6387
0.4567 0.3470

4
0.0720 0.6924
0.1747 0.6367

4
0.6666 0.8391
0.0461 0.7421

4
0.1471 0.5265
0.1037 0.4132

4
0.4851 0.4842
0.7591 0.8993

4
0.9506 0.8334
0.7533 0.4892

4
0.9313 0.8174
0.6012 0.9625

4
0.3857 0.1710
0.8081 0.1144

4
0.0754 0.5939
0.3924 0.8025

4
0.7993 0.0201
0.0564 0.5901

4
0.0459 0.4971
0.2383 0.4935

4
0.8654 0.8721
0.3831 0.7894

4
0.7950 0.9487
0.8190 0.3866

4
0.5376 0.5039
0.7251 0.1996

4
0.8543 0.8922
0.1912 0.9995

4
0.2638 0.2028
0.7931 0.9703

4
0.0028 0.0149
0.9155 0.1041

4
0.9974 0.2383
0.7902 0.0616

4
0.8452 0.1731
0.0795 0.2480

4
0.4381 0.5192
0.4238 0.0963

4
0.2880 0.8651
0.8247 0.9323

4
0.9516 0.1253
0.7296 0.5345

4
0.3433 0.7335
0.1711 0.9295

4
0.7105 0.0206
0.7436 0.8712

4
0.5346 0.4422
0.6486 0.3413

4
0.3166 0.9876
0.8294 0.7327

4
0.8765 0.2734
0.7015 0.4147

4
0.8255 0.5219
0.1683 0.4478

4
0.6566 0.9686
0.8327 0.4907

4
0.2111 0.3061
0.6551 0.1963

4
0.6270 0.5351
0.7471 0.7982

4
0.8982 0.2935
0.8529 0.1507

4
0.0630 0.8573
0.7730 0.5716

4
0.7523 0.9511
0.3166 0.8407

4
0.2151 0.5015
0.3600 0.3311

4
0.3026 0.1919
0.1216 0.0963

4
0.0732 0.1649
0.5103 0.9650

4
0.0728 0.7313
0.5122 0.5603

4
0.0319 0.4187
0.4185 0.4209
