MARKOV
9
1 2 2 2 1 1 2 2 2
21
1	0
1	1
1	2
1	3
1	4
1	5
1	6
1	7
1	8
2	0	1
2	1	2
2	3	4
2	4	5
2	6	7
2	7	8
2	0	3
2	3	6
2	1	4
2	4	7
2	2	5
2	5	8

1
1.1459

2
1.0696 0.93492

2
0.50955 1.9625

2
1.3823 0.72345

1
0.48763

1
1.197

2
0.40954 2.4418

2
2.0889 0.47872

2
0.49618 2.0154

2
0.0027168 368.08

4
93.843 0.010656 0.010656 93.843

2
0.00066016 1514.8

1
802.39

4
0.39677 2.5203 2.5203 0.39677

4
0.24393 4.0996 4.0996 0.24393

2
1485.8 0.00067306

4
0.015296 65.377 65.377 0.015296

2
0.093037 10.748

2
530.87 0.0018837

2
120.71 0.0082845

2
2412.5 0.00041451

